0 230 221 9 35 144 37 146
0 42 31 198 184 245 196 257
0 104 145 35 88 9 104 25
0 250 177 95 98 119 99 120
0 12 220 93 211 4 225 18
0 58 2 195 78 268 95 285
0 191 43 86 113 139 127 153
0 86 50 45 4 48 5 49
0 118 57 223 74 268 89 283
0 155 179 152 6 222 24 240
0 127 158 12 125 198 128 201
0 253 238 68 133 192 137 196
0 220 150 191 158 273 168 283
0 141 101 54 45 63 51 69
0 55 240 145 160 128 163 131
0 247 57 173 55 24 64 33
0 14 110 124 67 250 68 251
0 248 96 157 38 154 51 167
0 217 17 189 147 135 147 135
0 172 136 154 194 202 203 211
0 119 55 116 143 257 162 276
0 34 5 58 164 250 169 255
0 230 97 164 127 92 133 98
0 132 160 0 189 88 205 104
0 108 203 225 40 193 45 198
0 116 175 123 46 224 65 243
0 58 186 224 55 89 73 107
0 244 132 120 5 202 9 206
0 39 108 186 81 183 85 187
0 54 70 47 127 229 136 238
0 190 29 172 112 78 129 95
0 44 182 179 85 131 87 133
0 214 46 52 31 46 42 57
0 31 90 184 204 8 213 17
0 190 190 23 196 61 211 76
0 191 140 186 126 12 127 13
0 53 74 73 52 192 71 211
0 16 4 141 201 2 203 4
0 212 200 251 61 199 74 212
0 46 16 130 105 164 116 175
0 200 223 154 73 62 92 81
0 116 59 224 206 139 225 158
0 182 203 123 136 201 154 219
0 127 74 215 184 55 201 72
0 197 3 248 75 244 87 256
0 199 250 251 103 214 105 216
0 1 163 68 79 116 88 125
0 109 209 75 41 113 43 115
0 30 57 250 21 115 31 125
0 145 248 87 208 224 225 241
